Exercise 8.6.1

Find all the cycles of contents of the four cells that a feedback shift
register with four cells (n = 4) can enter, if the list feed of feedback
positions is:

a) [0,1,3].

0001 0000
     1101 0110
          1011 0101
               1000 0100
                    0100 0010
                         0010 0001
                              0001

0011 0001
     1100 0110
          0110 0011
               0011

0101 0010
     1111 0111
          1010 0101
               0101

0111 0011
     1110 0111
          0111

1001 0100
     1001

b) [0,1].

0001 0000
     1100 0110
          0110 0011
               0011 0001
                    1101 0110
                         1010 0101
                              0101 0010
                                   1110 0111
                                        0111 0011
                                             1111 0111
                                                  1011 0101
                                                       1001 0100
                                                            1000 0100
                                                                 0100 0010
                                                                      0010 0001
                                                                           0001

c) [0,1,2].

0001 0000
     1110 0111
          0111 0011
               1101 0110
                    1000 0100
                         0100 0010
                              0010 0001
                                   0001

0011 0001
     1111 0111
          1001 0100
               1010 0101
                    0101 0010
                         1100 0110
                              0110 0011
                                   0011

1011 0101
     1011

d) [0,1,2,3].

0001 0000
     1111 0111
          1000 0100
               0100 0010
                    0010 0001
                         0001

0011 0001
     1110 0111
          0111 0011
               1100 0110
                    0110 0011
                         0011

1001 0100
     1011 0101
          1010 0101
               0101 0010
                    1101 0110
                         1001

